1 0 27
1 1 27
1 2 27
1 3 27
1 4 27
1 5 27
1 6 27
1 7 27
1 8 27
1 9 27
1 10 27
1 11 27
1 12 27
1 13 27
1 14 27
1 15 27
1 16 27
1 17 27
1 18 27
1 19 27
1 20 27
1 21 27
1 22 27
1 23 27
1 24 27
1 25 27
1 26 27
1 27 27
1 28 27
1 29 27
1 30 27
1 31 27
1 32 27
1 33 27
1 34 27
1 35 27
1 36 27
1 37 27
1 38 11
1 39 27
1 40 10
1 41 20
1 42 17
1 43 18
1 44 21
1 45 23
1 46 22
1 47 16
1 48 0
1 49 10
1 50 12
1 51 12
1 52 13
1 53 15
1 54 19
1 55 19
1 56 14
1 57 12
1 58 17
1 59 16
1 60 11
1 61 14
1 62 15
1 63 20
2 0 0
2 1 0
2 2 0
2 3 0
2 4 0
2 5 0
2 6 0
2 7 0
2 8 0
2 9 0
2 10 0
2 11 0
2 12 0
2 13 0
2 14 0
2 15 0
2 16 0
2 17 0
2 18 0
2 19 0
2 20 0
2 21 0
2 22 0
2 23 0
2 24 0
2 25 0
2 26 0
2 27 0
2 28 0
2 29 0
2 30 0
2 31 0
2 32 0
2 33 0
2 34 0
2 35 0
2 36 0
2 37 0
2 38 0
2 39 0
2 40 0
2 41 0
2 42 0
2 43 0
2 44 0
2 45 0
2 46 0
2 47 0
2 48 0
2 49 0
2 50 0
2 51 0
2 52 0
2 53 0
2 54 0
2 55 0
2 56 0
2 57 0
2 58 0
2 59 0
2 60 0
2 61 0
2 62 0
2 63 0
3 0 27
3 1 27
3 2 27
3 3 27
3 4 27
3 5 27
3 6 27
3 7 27
3 8 27
3 9 27
3 10 27
3 11 27
3 12 27
3 13 27
3 14 27
3 15 27
3 16 27
3 17 27
3 18 27
3 19 27
3 20 27
3 21 27
3 22 27
3 23 27
3 24 27
3 25 27
3 26 27
3 27 27
3 28 27
3 29 27
3 30 27
3 31 27
3 32 27
3 33 27
3 34 27
3 35 27
3 36 27
3 37 27
3 38 10
3 39 27
3 40 14
3 41 12
3 42 16
3 43 15
3 44 27
3 45 22
3 46 24
3 47 18
3 48 0
3 49 10
3 50 16
3 51 14
3 52 15
3 53 18
3 54 23
3 55 23
3 56 25
3 57 16
3 58 22
3 59 22
3 60 16
3 61 17
3 62 20
3 63 27
4 0 27
4 1 27
4 2 27
4 3 27
4 4 27
4 5 27
4 6 27
4 7 27
4 8 27
4 9 19
4 10 27
4 11 27
4 12 26
4 13 27
4 14 27
4 15 27
4 16 25
4 17 27
4 18 27
4 19 27
4 20 27
4 21 27
4 22 27
4 23 27
4 24 27
4 25 27
4 26 27
4 27 27
4 28 27
4 29 27
4 30 27
4 31 27
4 32 27
4 33 27
4 34 27
4 35 27
4 36 27
4 37 27
4 38 10
4 39 27
4 40 13
4 41 10
4 42 10
4 43 10
4 44 10
4 45 10
4 46 10
4 47 10
4 48 0
4 49 10
4 50 16
4 51 15
4 52 15
4 53 21
4 54 22
4 55 16
4 56 16
4 57 15
4 58 20
4 59 15
4 60 12
4 61 12
4 62 14
4 63 17
5 0 27
5 1 22
5 2 27
5 3 27
5 4 27
5 5 27
5 6 19
5 7 27
5 8 15
5 9 14
5 10 15
5 11 14
5 12 11
5 13 14
5 14 18
5 15 24
5 16 15
5 17 19
5 18 24
5 19 27
5 20 19
5 21 22
5 22 27
5 23 27
5 24 22
5 25 18
5 26 24
5 27 19
5 28 22
5 29 27
5 30 24
5 31 27
5 32 20
5 33 19
5 34 20
5 35 24
5 36 18
5 37 26
5 38 10
5 39 27
5 40 10
5 41 10
5 42 10
5 43 10
5 44 10
5 45 10
5 46 10
5 47 10
5 48 0
5 49 10
5 50 10
5 51 10
5 52 10
5 53 10
5 54 13
5 55 13
5 56 11
5 57 10
5 58 11
5 59 11
5 60 10
5 61 10
5 62 11
5 63 16
6 0 27
6 1 27
6 2 27
6 3 27
6 4 27
6 5 27
6 6 27
6 7 27
6 8 27
6 9 27
6 10 27
6 11 27
6 12 27
6 13 27
6 14 27
6 15 27
6 16 27
6 17 27
6 18 27
6 19 27
6 20 27
6 21 27
6 22 27
6 23 27
6 24 27
6 25 27
6 26 27
6 27 27
6 28 27
6 29 27
6 30 27
6 31 27
6 32 27
6 33 27
6 34 27
6 35 27
6 36 27
6 37 27
6 38 12
6 39 27
6 40 12
6 41 21
6 42 22
6 43 27
6 44 24
6 45 11
6 46 13
6 47 10
6 48 0
6 49 10
6 50 14
6 51 14
6 52 15
6 53 18
6 54 18
6 55 21
6 56 15
6 57 14
6 58 20
6 59 19
6 60 11
6 61 15
6 62 18
6 63 23
55 0 0
55 1 0
55 2 0
55 3 0
55 4 0
55 5 0
55 6 0
55 7 0
55 8 0
55 9 0
55 10 0
55 11 0
55 12 0
55 13 0
55 14 0
55 15 0
55 16 0
55 17 0
55 18 0
55 19 0
55 20 0
55 21 0
55 22 0
55 23 0
55 24 0
55 25 0
55 26 0
55 27 0
55 28 0
55 29 0
55 30 0
55 31 0
55 32 0
55 33 0
55 34 0
55 35 0
55 36 0
55 37 0
55 38 0
55 39 0
55 40 0
55 41 0
55 42 0
55 43 0
55 44 0
55 45 0
55 46 0
55 47 0
55 48 0
55 49 0
55 50 0
55 51 0
55 52 0
55 53 0
55 54 0
55 55 0
55 56 0
55 57 0
55 58 0
55 59 0
55 60 0
55 61 0
55 62 0
55 63 0
